101
4637992
2643843
5000000
3707088
607131
1390690
3197802
305584
2462386
1165154
791667
4102166
813671
1453903
2354851
1662166
3055901
3647063
3026431
3184051
362009
3197455
844662
2681371
3540092
4045224
4040242
4834752
1336086
2175741
113590
3341795
3217906
997932
4749613
4207575
4854217
385763
1141542
2294157
4967449
2301470
2709927
1165482
3037117
2857493
772327
3206084
1435364
296689
1271081
1309053
987098
1396311
4888922
358265
341148
2701283
450521
2659341
3076451
4931968
1874633
1422279
3175064
4150650
2629766
1295383
1341901
3699781
4756041
3536758
2219368
3962950
4924416
4372754
711033
1504143
3529497
1055462
327034
2232116
989748
4380995
3007404
1353258
814324
491242
3281077
4126405
4598842
1572619
4495097
1672891
1532593
3878981
3899797
3348878
606968
2958697
911594